3 1 5 5 0.005 
3 2 7.5 7.5 0.0067 
3 3 7.7 7.7 0.0066 
4 1 10.2 10.2 0.0064 
4 2 13.3 13.3 0.011 
4 3 15.3 15.3 0.0148 
4 4 15.7 15.7 0.0179 
5 1 20.3 20.3 0.0146 
5 2 26.3 26.3 0.0379 
5 3 30.8 30.8 0.0439 
5 4 31 31 0.054 
5 5 31.9 31.9 0.0369 
6 1 41.2 41.2 0.0227 
6 2 53.8 53.8 0.073 
6 3 60.5 60.5 0.1259 
6 4 63.2 63.2 0.1263 
6 5 63.6 63.6 0.137 
6 6 63.8 63.8 0.1214 
7 1 79.5 79.5 0.0511 
7 2 108.6 108.6 0.1993 
7 3 121.7 121.7 0.3073 
7 4 125.2 125.2 0.3175 
7 5 126.8 126.8 0.3506 
7 6 127.6 127.6 0.3257 
7 7 127.9 127.9 0.2513 
8 1 162.7 162.7 0.0922 
8 2 213.6 213.6 0.3881 
8 3 240.9 240.9 0.6298 
8 4 250.3 250.3 0.6947 
8 5 253.7 253.7 0.7015 
8 6 255.5 255.5 0.6789 
8 7 255.9 255.9 0.6737 
8 8 255.9 255.9 0.5869 
9 1 324.8 324.8 0.1852 
9 2 428.3 428.3 0.8533 
9 3 483.8 483.8 1.6022 
9 4 502.1 502.1 1.6547 
9 5 508.3 508.3 1.7701 
9 6 510.5 510.5 1.6194 
9 7 511.6 511.6 1.5695 
9 8 511.8 511.8 1.4088 
9 9 512 512 1.2943 
10 1 644.4 644.4 0.4149 
10 2 861.4 861.4 1.8888 
10 3 963.2 963.2 3.4465 
10 4 1001.1 1001.1 3.8146 
10 5 1014.5 1014.5 4.0798 
10 6 1021.1 1021.1 4.2742 
10 7 1023.3 1023.3 4.1267 
10 8 1023.8 1023.8 4.2411 
10 9 1024 1024 3.9653 
10 10 1024 1024 3.771 
