3 1 5.5 5.5 0.0277 
3 2 7.2 7.2 0.0432 
3 3 7.9 7.9 0.0214 
4 1 10.8 10.8 0.0216 
4 2 14.1 14.1 0.0353 
4 3 15.2 15.2 0.0415 
4 4 15.9 15.9 0.0475 
5 1 20.1 20.1 0.0678 
5 2 27 27 0.1137 
5 3 30.2 30.2 0.1512 
5 4 31.5 31.5 0.1819 
5 5 31.6 31.6 0.2314 
6 1 40.2 40.2 0.2956 
6 2 54 54 0.5947 
6 3 60 60 0.6536 
6 4 62.6 62.6 0.7533 
6 5 63.6 63.6 0.7959 
6 6 63.7 63.7 0.9052 
7 1 83.2 83.2 1.248 
7 2 108.7 108.7 2.041 
7 3 120.2 120.2 2.5548 
7 4 125.1 125.1 2.9601 
7 5 127.1 127.1 3.3086 
7 6 127.8 127.8 3.6208 
7 7 127.9 127.9 3.7798 
8 1 161 161 4.6257 
8 2 212.7 212.7 10.0181 
8 3 240.4 240.4 10.5534 
8 4 248.6 248.6 11.7591 
8 5 253.2 253.2 13.1423 
8 6 255.1 255.1 14.6584 
8 7 255.8 255.8 14.9966 
8 8 256 256 16.2436 
9 1 326.9 326.9 19.0067 
9 2 429.8 429.8 31.8183 
9 3 481.1 481.1 41.0334 
9 4 501.9 501.9 47.7899 
9 5 508.2 508.2 52.0239 
9 6 510.1 510.1 60.0889 
9 7 511.5 511.5 66.8826 
9 8 511.9 511.9 69.1785 
9 9 511.8 511.8 72.227 
10 1 649.2 649.2 72.5178 
10 2 855.8 855.8 122.445 
10 3 961.2 961.2 159.512 
10 4 1003.5 1003.5 185.903 
10 5 1015.8 1015.8 204.344 
10 6 1022 1022 222.08 
10 7 1023.3 1023.3 238.358 
10 8 1023.8 1023.8 257.53 
10 9 1023.9 1023.9 274.988 
10 10 1023.8 1023.8 291.758 
